%datafile: fichier contenant les alternatives, les evaluations,
%les poids, les seuils d'indiférence et les seuils de préférence.

%ATTENTION TOUJOURS DIVISER LES POIDS DONNES EN POURCENTS PAR 100!

%%%%%%%%%%%%%%%%%%%%%%%
%%%% TEST 1: EPI %%%%%%
%%%%%%%%%%%%%%%%%%%%%%%



% alternatives={'Finland';'Iceland';'Sweden';'Denmark';'Slovenia';'Spain';
% 'Portugal';'Estonia';'Malta';'France';'New Zealand';'United Kingdom';'Australia';
% 'Singapore';'Croatia';'Switzerland';'Norway';'Austria';'Ireland';'Luxembourg';
% 'Greece';'Latvia';'Lithuania';'Slovakia';'Canada';'United States of America';
% 'Czech Republic';'Hungary';'Italy';'Germany'};
% 
evaluations=[99.35	93.77	98.57	93.52	85.89	17.37	72.87	96.93	90.2;
99.68	97.04	99.29	88.2	88.89	0	57.27	66.04	96.4;
99.03	93.26	99.57	96.08	100	16.32	50.82	88.76	92.73;
96.19	86.98	99.71	95.72	96.63	28.08	23.06	97.6	88.67;
88.86	78.26	97.83	87.8	92.05	84.71	0	100	82.2;
92.5	91.27	99.93	97.52	78.2	41.5	45.05	96.73	81.83;
96.5	93.36	99.79	85.4	100	0	54.03	95.78	90.82;
97.44	92.9	95.44	90.9	100	22.2	56.47	100	76.58;
83.68	94.81	100	89.37	49.75	0	82.36	93.98	84.79;
88.25	82.43	99.22	92.41	98.79	55.05	60.75	99.52	80.12;
97.76	95.67	100	90.52	65.32	35.27	27.89	92.75	83.69;
95.26	86.78	99.5	98.94	61.28	30.36	22.91	98.98	84.53;
100	96.13	100	97.88	83.9	33.92	39.6	87.18	62.81;
80.26	87.8	100	100	0	0	64.21	72.26	95.44;
87.65	75.59	95.87	83.75	92.05	81.31	65.35	98.96	85.23;
79.31	72.09	99.93	98.23	94.06	83.96	0	90.43	82.53;
100	94.59	98.86	93.89	63.01	66.85	93.89	82.2	57.12;
87.04	72.19	100	97.16	99.7	53.63	0	93.33	78.76;
98.39	94.39	94.02	84.99	75.76	20.34	26.5	90.51	91.19;
85.52	82.54	98.57	99.3	54.6	0	0	100	74.05;
80.89	87.01	99.36	92.03	100	62.66	42.96	94.82	69.64;
93.11	88.77	91.11	96.44	83.08	6.46	42.11	97.81	83.19;
90.07	86.47	90.85	82.91	99.1	24.83	53.33	98.55	85.72;
82.44	70.74	98.12	86.21	91.37	45.46	0	100	90.78;
94.64	91.16	99.65	89.75	95.68	39.1	35.51	74.5	74.59;
94.34	89.73	99.17	84.16	99.4	18.39	43.1	79.35	80.88;
81.51	61.99	98.93	88.98	98.18	44.36	0	100	91.23;
82.75	67.3	95.62	84.58	100	42.09	0	100	91.08;
76.09	72.75	99.64	92.78	88.16	80.93	29.19	98.96	79.35;
84.6	69.88	99.5	98.59	68.35	61.36	34.04	100	78.19];
weights=[16.67 16.67 16.67 12.5 5 5 2.5 12.5 12.5]./100;    %doit etre un vecteur ligne
choosed_preference_function=5;   %doit etre 2, 5 ou 6
q=1;  %seuil d'indiférence
p=1.5;  %seuil de préférence si fct 5
s=0;  %seuil de préférence dans le cas d'une fonction gaussienne


%%%%%%%%%%%%%%%%%%%%%%%%%%%%%%%%%%%%%%%%%%%%%%%%%%%%%
%%%% Set de données pour comparaison avec Anh Vu %%%%
%%%% (20 premiers pays avec 2 premiers critères %%%%
%%%%%%%%%%%%%%%%%%%%%%%%%%%%%%%%%%%%%%%%%%%%%%%%%%%%%

% alternatives={'Finland';'Iceland';'Sweden';'Denmark';'Slovenia';'Spain';'Portugal';'Estonia';'Malta';
% 'France';'New Zealand';'United Kingdom';'Australia';'Singapore';'Croatia';'Switzerland';
% 'Norway';'Austria';'Ireland';'Luxembourg'};
% 
% evaluations=[97.23	84.13;
% 98.67	82.35;
% 97.29	83.57;
% 94.29	84.12;
% 88.32	89.65;
% 94.57	83.24;
% 96.55	80.7;
% 95.26	81.91;
% 92.83	84.13;
% 89.97	86.44;
% 97.81	78.19;
% 93.85	80.92;
% 98.71	75.73;
% 89.35	84.74;
% 86.37	87.59;
% 83.78	90.09;
% 97.82	75.98;
% 86.41	86.87;
% 95.6	77.61;
% 88.88	84.29];
% 
% weights=[50 50]./100;
% choosed_preference_function=2;
% q=0;
% p=0;
% s=0;

%%%%%%%%%%%%%%%%%%%%%%%%%%%%%%%%%%
%%%% Test données EPI complet %%%%
%%%%%%%%%%%%%%%%%%%%%%%%%%%%%%%%%%

% evaluations=[99.35	93.77	98.57	93.52	85.89	17.37	72.87	96.93	90.2;
% 99.68	97.04	99.29	88.2	88.89	0	57.27	66.04	96.4;
% 99.03	93.26	99.57	96.08	100	16.32	50.82	88.76	92.73;
% 96.19	86.98	99.71	95.72	96.63	28.08	23.06	97.6	88.67;
% 88.86	78.26	97.83	87.8	92.05	84.71	0	100	82.2;
% 92.5	91.27	99.93	97.52	78.2	41.5	45.05	96.73	81.83;
% 96.5	93.36	99.79	85.4	100	0	54.03	95.78	90.82;
% 97.44	92.9	95.44	90.9	100	22.2	56.47	100	76.58;
% 83.68	94.81	100	89.37	49.75	0	82.36	93.98	84.79;
% 88.25	82.43	99.22	92.41	98.79	55.05	60.75	99.52	80.12;
% 97.76	95.67	100	90.52	65.32	35.27	27.89	92.75	83.69;
% 95.26	86.78	99.5	98.94	61.28	30.36	22.91	98.98	84.53;
% 100	96.13	100	97.88	83.9	33.92	39.6	87.18	62.81;
% 80.26	87.8	100	100	0	0	64.21	72.26	95.44;
% 87.65	75.59	95.87	83.75	92.05	81.31	65.35	98.96	85.23;
% 79.31	72.09	99.93	98.23	94.06	83.96	0	90.43	82.53;
% 100	94.59	98.86	93.89	63.01	66.85	93.89	82.2	57.12;
% 87.04	72.19	100	97.16	99.7	53.63	0	93.33	78.76;
% 98.39	94.39	94.02	84.99	75.76	20.34	26.5	90.51	91.19;
% 85.52	82.54	98.57	99.3	54.6	0	0	100	74.05;
% 80.89	87.01	99.36	92.03	100	62.66	42.96	94.82	69.64;
% 93.11	88.77	91.11	96.44	83.08	6.46	42.11	97.81	83.19;
% 90.07	86.47	90.85	82.91	99.1	24.83	53.33	98.55	85.72;
% 82.44	70.74	98.12	86.21	91.37	45.46	0	100	90.78;
% 94.64	91.16	99.65	89.75	95.68	39.1	35.51	74.5	74.59;
% 94.34	89.73	99.17	84.16	99.4	18.39	43.1	79.35	80.88;
% 81.51	61.99	98.93	88.98	98.18	44.36	0	100	91.23;
% 82.75	67.3	95.62	84.58	100	42.09	0	100	91.08;
% 76.09	72.75	99.64	92.78	88.16	80.93	29.19	98.96	79.35;
% 84.6	69.88	99.5	98.59	68.35	61.36	34.04	100	78.19;
% 89.77	80.99	78.12	69.16	98.18	96.7	0	75.83	97.94;
% 92.2	84.76	84.22	91.28	98.18	49.17	57.81	73.7	84.42;
% 81.82	80.46	93.25	88.59	85.1	80.55	28.03	88.98	77.03;
% 79.94	78	85.64	74.31	100	69.68	34.98	95.77	96.18;
% 90.68	80.31	91.12	66.36	98.18	50.18	0	73.06	94.87;
% 80.57	69.32	98.65	99.65	61.66	72.46	28.64	90.38	75.43;
% 88.56	73.81	82.92	70.76	98.18	96.3	0	87.43	72.77;
% 81.2	65.54	94.89	87.41	82.66	43.8	6.219	99.76	88.91;
% 82.13	77.63	100	87.01	51.74	82.44	25.91	93.25	59.22;
% 78.99	86.77	100	73.81	25.81	82.82	15.4	78.23	89.01;
% 76.74	60.91	99.64	94.99	66.13	32.53	48.93	100	80.59;
% 91.89	93.94	87.62	56.65	33.85	56.91	53.13	90.52	81.52;
% 98.07	92.37	93.05	66.94	97.87	9.225	26.39	69.72	75.94;
% 85.82	84.18	87.22	73.32	98.18	47.08	50.39	65.58	87.45;
% 94.95	95.51	82.8	67.5	73.62	58.72	33.27	78.51	0;
% 85.21	91.78	84.42	76.23	72.98	37.86	65.4	92.62	56.41;
% 87.95	86.9	93.96	64.6	92.05	82.06	32.43	67.72	64.29;
% 83.06	75.13	91.86	63.99	92.05	86.99	0	61.46	83.34;
% 67.8	70.5	100	96.8	46.36	0	52.81	71.29	82.23;
% 86.13	76.74	91.28	58.79	92.05	63.08	0	72.3	77.6;
% 86.43	94.21	77.81	72.31	45.35	52.17	39.01	87.93	72.34;
% 96.81	88.4	94.47	94.26	41.21	36.58	38.2	75.15	40.29;
% 71.02	91.2	81.08	82.06	87.79	0	61.8	61.04	73.94;
% 91.28	91.86	77.72	62.12	69.54	55.98	24.84	90.47	0;
% 78.03	73.12	74.74	72.82	100	87.74	0	53.23	94.82;
% 68.53	92.88	82.22	70.23	37.4	77.5	14.09	95.73	70.24;
% 78.35	91.04	77.22	71.8	32.87	68.07	29.17	87.99	72.63;
% 71.71	93.08	71.93	80.76	42.1	31.82	83.48	93.54	0;
% 84.29	92.06	83.45	57.38	66.91	83.2	64.86	59.23	0;
% 73.09	60.98	95.8	65.78	70.37	86.61	52.81	76.61	76.82;
% 83.99	80.89	89.34	60.16	42.59	53.14	62.64	54.12	91.01;
% 92.81	97.2	86.61	59.48	11.14	0	43.28	88.51	0;
% 86.74	74.68	91.22	77.16	48.33	0	53.48	90.85	58.95;
% 65.55	89.57	67.72	60.82	100	0	71.02	91.1	59.61;
% 98.71	92.03	95.69	47.46	94.38	3.412	46.15	54.32	59.81;
% 63.61	86.79	75.02	51.1	89.61	61.8	51.31	86.16	80.98;
% 72.4	79.55	80.79	80.32	79.14	54.58	55.26	78.66	54.9;
% 77.39	95.02	77.76	50.22	77.72	28.86	29.45	99.03	0;
% 93.72	89.66	81.87	74.79	0	0	0	53.45	60.32;
% 89.16	92.44	77.98	51.95	65.49	0	33.14	81.02	0;
% 73.76	84.79	74.63	58.09	100	0	0	79.8	58.36;
% 69.96	74	70.28	49.33	89.97	0	0	74.2	99.24;
% 77.71	83.8	73.66	79.88	78.67	75.96	49.04	84.59	33.92;
% 64.39	75.97	89.65	76.7	75.74	0	0	42.94	85.38;
% 75.76	95.72	79.1	38.54	88.16	97.11	40.1	51.31	0;
% 74.77	90.09	71.87	54.38	95.99	49.68	0	90.06	37.25;
% 95.57	95.41	92.72	58.09	28.44	0	34.95	55.45	0;
% 58.19	88.58	62.4	63.38	80.05	0	41.03	95.74	61.18;
% 58.63	90.16	68.32	41.04	73.62	0	0	93.75	75.67;
% 65.93	45.51	95.11	93.15	57.8	74.42	58.47	69.34	62.39;
% 69.25	88.84	71.9	79.44	93.4	0	56.95	75.06	54.26;
% 73.42	87.59	82.41	39.82	100	0	0	78.94	68.1;
% 67.06	89.04	72.11	82.49	76.34	0	66.51	61.62	43.6;
% 60.76	84.27	66.29	69.7	75.81	0	0	49.93	93.27;
% 71.37	88.55	90.06	48.13	68.25	0	65.26	61.86	0;
% 59.06	71.1	91.91	91.66	31.85	0	57.17	56.54	67.71;
